,favorite_count,id,retweet_count
0,39018,892420643555336193,8662
1,33407,892177421306343426,6361
2,25188,891815181378084864,4224
3,42374,891689557279858688,8770
4,40528,891327558926688256,9538
5,20331,891087950875897856,3166
6,11919,890971913173991426,2107
7,65943,890729181411237888,19194
8,27913,890609185150312448,4326
9,32117,890240255349198849,7540
10,30815,890006608113172480,7448
11,27936,889880896479866881,5040
12,48331,889665388333682689,10217
13,27344,889638837579907072,4613
14,15175,889531135344209921,2264
15,25432,889278841981685760,5528
16,29259,888917238123831296,4574
17,25743,888804989199671297,4422
18,20038,888554962724278272,3653
19,21889,888078434458587136,3559
20,30364,887705289381826560,5474
21,46477,887517139158093824,11839
22,69516,887473957103951883,18511
23,33865,887343217045368832,10555
24,30726,887101392804085760,6052
25,35384,886983233522544640,7885
26,12151,886736880519319552,3351
27,22564,886680336477933568,4539
28,21245,886366144734445568,3234
29,117,886267009285017600,4
30,28132,886258384151887873,6391
31,0,886054160059072513,105
32,32901,885984800019947520,6916
33,36202,885528943205470208,6538
34,20543,885518971528720385,3818
35,0,885311592912609280,18851
36,22067,885167619883638784,4447
37,78019,884925521741709313,18794
38,28113,884876753390489601,5937
39,24441,884562892145688576,4996
40,27155,884441805382717440,5737
41,73416,884247878851493888,20732
42,20493,884162670584377345,3039
43,22033,883838122936631299,3503
44,46235,883482846933004288,10140
45,22681,883360690899218434,3744
46,37441,883117836046086144,6778
47,24077,882992080364220416,3994
48,28492,882762694511734784,5000
49,28031,882627270321602560,6184
50,45238,882268110199369728,11799
51,29539,882045870035918850,5065
52,24434,881906580714921986,3446
53,50859,881666595344535552,10858
54,129,881633300179243008,7
55,49728,881536004380872706,16245
56,23197,881268444196462592,5236
57,17109,880935762899988482,2825
58,21428,880872448815771648,3889
59,28687,880465832366813184,6390
60,27248,880221127280381952,4304
61,27790,880095782870896641,4427
62,22428,879862464715927552,3557
63,313,879674319642796034,10
64,23538,879492040517615616,3241
65,106561,879415818425184262,44930
66,16868,879376492567855104,3170
67,0,879130579576475649,6977
68,22729,879050749262655488,4805
69,19063,879008229531029506,2739
70,19503,878776093423087618,4200
71,30457,878604707211726852,7385
72,0,878404777348136964,1315
73,0,878316110768087041,6791
74,7810,878281511006478336,1315
75,42309,878057613040115712,6977
76,80536,877736472329191424,19551
77,0,877611172832227328,81
78,22928,877556246731214848,3904
79,27528,877316821321428993,5284
80,27306,877201837425926144,5707
81,20818,876838120628539392,3433
82,23578,876537666061221889,4697
83,18897,876484053909872640,2458
84,28087,876120275196170240,4789
85,25386,875747767867523072,4385
86,22073,875144289856114688,5026
87,27602,875097192612077568,6176
88,25659,875021211251597312,4806
89,28058,874680097055178752,4743
90,0,874434818259525634,15127
91,26265,874296783580663808,4212
92,22822,874057562936811520,4041
93,34989,874012996292530176,10714
94,24469,873580283840344065,4039
95,0,873337748698140672,1625
96,7342,873213775632977920,1625
97,27629,872967104147763200,5538
98,14851,872820683541237760,3788
99,0,872668790621863937,30
100,21001,872620804844003328,3805
101,41021,872486979161796608,9223
102,34590,872261713294495745,6508
103,34817,872122724285648897,8346
104,38520,871879754684805121,11569
105,20496,871762521631449091,3578
106,20451,871515927908634625,3548
107,0,871166179821445120,5852
108,21169,871102520638267392,5642
109,22942,871032628920680449,3907
110,34092,870804317367881728,6420
111,120,870726314365509632,3
112,12611,870656317836468226,2740
113,83818,870374049280663552,27067
114,22134,870308999962521604,4283
115,37227,870063196459192321,8624
116,43060,869772420881756160,10396
117,28696,869702957897576449,6545
118,16243,869596645499047938,3242
119,20789,869227993411051520,3927
120,66775,868880397819494401,15017
121,0,868639477480148993,2175
122,27870,868622495443632128,6135
123,10369,868552278524837888,2175
124,24624,867900495410671616,4337
125,34643,867774946302451713,7610
126,16492,867421006826221569,2625
127,0,867072653475098625,131
128,32910,867051520902168576,8216
129,20556,866720684873056260,5040
130,19778,866686824827068416,3635
131,124790,866450705531457537,36764
132,53855,866334964761202691,15127
133,0,866094527597207552,8725
134,26225,865718153858494464,5856
135,27135,865359393868664832,5240
136,28686,865006731092295680,8034
137,33148,864873206498414592,9151
138,14984,864279568663928832,3195
139,30958,864197398364647424,9399
140,21167,863907417377173506,4342
141,15691,863553081350529029,4372
142,0,863471782782697472,2605
143,24432,863432100342583297,5544
144,2321,863427515083354112,102
145,8987,863079547188785154,1156
146,8794,863062471531167744,2605
147,19706,862831371563274240,5331
148,17543,862722525377298433,3718
149,21152,862457590147678208,5227
150,76838,862096992088072192,24532
151,37166,861383897657036800,11277
152,17719,861288531465048066,4390
153,17245,861005113778896900,4017
154,0,860981674716409858,2276
155,0,860924035999428608,860
156,7735,860563773140209665,2276
157,24350,860524505164394496,5566
158,18886,860276583193509888,3667
159,17209,860184849394610176,6169
160,0,860177593139703809,32630
161,20162,859924526012018688,4323
162,15886,859851578198683649,3705
163,19201,859607811541651456,1667
164,93111,859196978902773760,32050
165,35055,859074603037188101,14418
166,0,858860390427611136,8611
167,16074,858843525470990336,3679
168,22268,858471635011153920,5137
169,16288,858107933456039936,3091
170,16701,857989990357356544,2745
171,35487,857746408056729600,11268
172,6133,857393404942143489,1734
173,20718,857263160327368704,4818
174,238,857214891891077121,20
175,0,857062103051644929,179
176,19621,857029823797047296,4263
177,0,856602993587888130,11377
178,16913,856543823941562368,3070
179,12281,856526610513747968,2011
180,0,856330835276025856,722
181,533,856288084350160898,17
182,28716,856282028240666624,6726
183,362,855862651834028034,28
184,5071,855860136149123072,1102
185,12308,855857698524602368,2265
186,47200,855851453814013952,18844
187,27660,855818117272018944,5818
188,31200,855459453768019968,8817
189,0,855245323840757760,6404
190,0,855138241867124737,49
191,23833,854732716440526848,6541
192,30638,854482394044301312,7397
193,19734,854365224396361728,5048
194,33387,854120357044912130,8084
195,16916,854010172552949760,3376
196,29970,853760880890318849,6251
197,36600,853639147608842240,10979
198,16282,853299958564483072,3846
199,0,852936405516943360,2183
200,9490,852912242202992640,1990
201,15682,852672615818899456,2323
202,17216,852553447878664193,3806
203,34812,852311364735569921,10733
204,21035,852226086759018497,7399
205,12049,852189679701164033,1709
206,0,851953902622658560,10457
207,0,851861385021730816,23
208,17066,851591660324737024,3753
209,25579,851464819735769094,7674
210,21772,851224888060895234,6220
211,32820,850753642995093505,10127
212,13777,850380195714523136,2839
213,3602,850333567704068097,362
214,17253,850145622816686080,4152
215,21629,850019790995546112,5340
216,32209,849776966551130114,8302
217,0,849668094696017920,5408
218,16802,849412302885593088,3417
219,12083,849336543269576704,2057
220,44782,849051919805034497,9325
221,26710,848690551926992896,4719
222,26249,848324959059550208,5027
223,8675,848213670039564288,815
224,17334,848212111729840128,3365
225,0,847978865427394560,3566
226,0,847971574464610304,469
227,24899,847962785489326080,5617
228,5835,847842811428974592,1479
229,7435,847617282490613760,458
230,19897,847606175596138505,3697
231,21674,847251039262605312,4686
232,21227,847157206088847362,6424
233,22761,847116187444137987,3500
234,21355,846874817362120707,4320
235,47567,846514051647705089,12749
236,15057,846505985330044928,3408
237,33807,846153765933735936,9961
238,32764,846139713627017216,10761
239,17014,846042936437604353,3156
240,31206,845812042753855489,9634
241,26740,845677943972139009,5243
242,8114,845397057150107648,2013
243,24847,845306882940190720,5925
244,0,845098359547420673,8448
245,14526,844979544864018432,2848
246,16115,844973813909606400,3534
247,41328,844704788403113984,11377
248,17561,844580511645339650,3448
249,14535,844223788422217728,2409
250,16095,843981021012017153,3214
251,22845,843856843873095681,5098
252,18028,843604394117681152,3010
253,22957,843235543001513987,6680
254,16217,842846295480000512,3937
255,7206,842765311967449089,1413
256,19330,842535590457499648,3846
257,26186,842163532590374912,6404
258,14992,842115215311396866,3323
259,0,841833993020538882,17015
260,27411,841680585030541313,8548
261,13529,841439858740625411,4069
262,21106,841320156043304961,5977
263,17001,841314665196081154,5188
264,24546,841077006473256960,5852
265,0,840761248237133825,1939
266,0,840728873075638272,17856
267,195,840698636975636481,3
268,13179,840696689258311684,1092
269,9617,840632337062862849,1939
270,17645,840370681858686976,5040
271,20651,840268004936019968,6338
272,14399,839990271299457024,2545
273,29535,839549326359670784,8611
274,0,839290600511926273,157
275,29188,839239871831150596,7252
276,21040,838952994649550848,4410
277,11992,838921590096166913,2296
278,0,838916489579200512,37
279,0,838831947270979586,12297
280,11715,838561493054533637,1470
281,24281,838476387338051585,5340
282,0,838201503651401729,11235
283,1798,838150277551247360,359
284,149,838085839343206401,0
285,18925,838083903487373313,3487
286,36759,837820167694528512,8725
287,4134,837482249356513284,489
288,13772,837471256429613056,2563
289,22695,837366284874571778,5874
290,17217,837110210464448512,2662
291,13673,836989968035819520,2552
292,20700,836753516572119041,5121
293,13558,836677758902222849,2461
294,0,836648853927522308,614
295,0,836397794269200385,30639
296,15827,836380477523124226,3264
297,22830,836260088725786625,4757
298,20575,836001077879255040,4804
299,0,835685285446955009,9111
300,19165,835574547218894849,4028
301,0,835536468978302976,1890
302,0,835309094223372289,23432
303,17628,835297930240217089,3318
304,8365,835264098648616962,1890
305,2238,835246439529840640,81
306,28121,835172783151792128,6386
307,24174,835152434251116546,3367
308,11668,834931633769889797,1835
309,22673,834786237630337024,6056
310,14771,834574053763584002,2813
311,0,834477809192075265,11883
312,10356,834458053273591808,1865
313,22215,834209720923721728,5334
314,16954,834167344700198914,4037
315,10795,834089966724603904,2367
316,14072,834086379323871233,2462
317,14451,833863086058651648,2671
318,16507,833826103416520705,3830
319,0,833732339549220864,242
320,22261,833722901757046785,3566
321,16014,833479644947025920,2297
322,21808,833124694597443584,5408
323,14353,832998151111966721,2473
324,0,832769181346996225,44
325,18155,832757312314028032,4030
326,12827,832682457690300417,3290
327,3145,832645525019123713,579
328,17120,832636094638288896,3132
329,12916,832397543355072512,2486
330,18517,832369877331693569,3566
331,12187,832273440279240704,2609
332,0,832215909146226688,6911
333,0,832215726631055365,10459
334,72,832088576586297345,2
335,0,832040443403784192,10855
336,19288,832032802820481025,5212
337,25932,831939777352105988,6869
338,366,831926988323639298,37
339,29897,831911600680497154,7294
340,11297,831670449226514432,2024
341,7764,831650051525054464,2183
342,9735,831552930092285952,2560
343,9909,831322785565769729,1707
344,7015,831315979191906304,1242
345,12641,831309418084069378,2720
346,12863,831262627380748289,2296
347,8613,830956169170665475,1685
348,72348,830583320585068544,18851
349,0,830173239259324417,6388
350,10639,830097400375152640,3373
351,0,829878982036299777,5618
352,13251,829861396166877184,2199
353,34328,829501995190984704,11883
354,11347,829449946868879360,2278
355,37526,829374341691346946,10457
356,26560,829141528400556032,8314
357,57361,829011960981237760,18188
358,0,828801551087042563,3810
359,27685,828770345708580865,6594
360,39643,828708714936930305,12579
361,10306,828650029636317184,1506
362,6802,828409743546925057,1283
363,8285,828408677031882754,1435
364,13673,828381636999917570,2489
365,8005,828376505180889089,1191
366,13563,828372645993398273,3274
367,2371,828361771580813312,191
368,12757,828046555563323392,3200
369,11223,828011680017821696,2397
370,21851,827933404142436356,5872
371,16758,827653905312006145,3359
372,8040,827600520311402496,1055
373,17226,827324948884643840,3427
374,11480,827199976799354881,2515
375,23418,826958653328592898,5618
376,39663,826848821049180160,11548
377,0,826615380357632002,4428
378,5553,826598799820865537,287
379,10934,826598365270007810,2638
380,19987,826476773533745153,4713
381,14395,826240494070030336,2907
382,5286,826204788643753985,1054
383,17032,826115272272650244,3521
384,11357,825876512159186944,2100
385,13822,825829644528148480,2797
386,56506,825535076884762624,19325
387,19894,825147591692263424,5140
388,0,825120256414846976,1448
389,6909,825026590719483904,1448
390,0,824796380199809024,6166
391,16276,824775126675836928,3965
392,10943,824663926340194305,1953
393,12808,824325613288833024,11649
394,16356,824297048279236611,4351
395,5184,824025158776213504,667
396,11572,823939628516474880,3049
397,0,823719002937630720,12679
398,13654,823699002998870016,2714
399,14177,823581115634085888,2984
400,761,823333489516937216,29
401,17148,823322678127919110,4537
402,0,823269594223824897,11116
403,18840,822975315408461824,3875
404,144099,822872901745569793,49524
405,14376,822859134160621569,2570
406,0,822647212903690241,7216
407,16069,822610361945911296,3339
408,19782,822489057087389700,7216
409,31236,822462944365645825,16690
410,38214,822244816520155136,11116
411,0,822163064745328640,5441
412,12384,821886076407029760,2637
413,0,821813639212650496,3763
414,9192,821765923262631936,1867
415,8732,821522889702862852,1990
416,0,821421320206483457,6311
417,12861,821407182352777218,4920
418,276,821153421864615936,10
419,9536,821149554670182400,2271
420,10477,821107785811234820,2407
421,13810,821044531881721856,2582
422,0,820837357901512704,7555
423,34452,820749716845686786,11235
424,13335,820690176645140481,3638
425,0,820494788566847489,638
426,0,820446719150292993,2914
427,3644,820314633777061888,638
428,21612,820078625395449857,7091
429,0,820013781606658049,1333
430,5813,819952236453363712,1333
431,14040,819924195358416896,5472
432,14671,819711362133872643,3539
433,10435,819588359383371776,2221
434,7888,819347104292290561,1356
435,2504,819238181065359361,454
436,25212,819227688460238848,7555
437,0,819015337530290176,41303
438,0,819015331746349057,21321
439,49223,819006400881917954,21321
440,94136,819004803107983360,41303
441,0,818646164899774465,23525
442,24237,818627210458333184,8391
443,10785,818614493328580609,2917
444,0,818588835076603904,6965
445,11936,818536468981415936,2803
446,0,818307523543449600,9178
447,12017,818259473185828864,2570
448,13449,818145370475810820,2939
449,5280,817908911860748288,891
450,56729,817827839487737858,30639
451,11699,817777686764523521,3012
452,12902,817536400337801217,3433
453,0,817502432452313088,3835
454,37519,817423860136083457,17015
455,6147,817415592588222464,1093
456,0,817181837579653120,9639
457,9529,817171292965273600,2271
458,13265,817120970343411712,2964
459,9378,817056546584727552,1872
460,0,816829038950027264,5355
461,10913,816816676327063552,2312
462,10725,816697700272001025,2486
463,33463,816450570814898180,9178
464,9415,816336735214911488,2219
465,9770,816091915477250048,2440
466,0,816062466425819140,1184
467,0,816014286006976512,6022
468,5462,815990720817401858,1184
469,24633,815966073409433600,9639
470,0,815745968457060357,4676
471,10759,815736392542261248,2569
472,9013,815639385530101762,1865
473,11307,815390420867969024,4299
474,8351,814986499976527872,1472
475,12332,814638523311648768,3069
476,0,814578408554463233,6601
477,9498,814530161257443328,2103
478,31485,814153002265309185,9853
479,0,813944609378369540,3659
480,10173,813910438903693312,2136
481,39783,813812741911748608,15884
482,9152,813800681631023104,2008
483,20461,813217897535406080,8265
484,10052,813202720496779264,2041
485,21729,813187593374461952,4949
486,10232,813172488309972993,2179
487,8470,813157409116065792,2511
488,9212,813142292504645637,2669
489,4890,813130366689148928,500
490,13029,813127251579564032,3562
491,11328,813112105746448384,3140
492,11519,813096984823349248,4110
493,10823,813081950185472002,3140
494,8721,813066809284972545,2207
495,22959,813051746834595840,8303
496,8283,812781120811126785,2163
497,0,812747805718642688,7897
498,7259,812709060537683968,1628
499,6675,812503143955202048,1391
500,8768,812466873996607488,2184
501,14999,812372279581671427,4165
502,7971,811985624773361665,1593
503,8278,811744202451197953,1831
504,6111,811647686436880384,842
505,14045,811627233043480576,3559
506,22924,811386762094317568,7255
507,5847,810984652412424192,1623
508,9935,810896069567610880,2034
509,12019,810657578271330305,2996
510,38951,810284430598270976,13009
511,16121,810254108431155201,3810
512,16982,809920764300447744,4428
513,0,809808892968534016,5574
514,7601,809448704142938112,1666
515,21886,809220051211603969,6388
516,14473,809084759137812480,3976
517,11080,808838249661788160,3448
518,8666,808733504066486276,2452
519,12389,808501579447930884,2939
520,46607,808344865868283904,23525
521,0,808134635716833280,6787
522,9569,808106460588765185,2470
523,13795,808001312164028416,4006
524,16010,807621403335917568,4181
525,123541,807106840509214720,61611
526,0,807059379405148160,8323
527,14303,807010152071229440,4330
528,82693,806629075125202948,39789
529,0,806620845233815552,6271
530,5300,806576416489959424,2189
531,11207,806542213899489280,2700
532,0,806242860592926720,13285
533,7040,806219024703037440,1365
534,0,805958939288408065,6100
535,9066,805932879469572096,2155
536,7224,805826884734976000,2079
537,0,805823200554876929,9164
538,6289,805520635690676224,1877
539,9616,805487436403003392,2870
540,8543,805207613751304193,1927
541,15114,804738756058218496,4373
542,6766,804475857670639616,2293
543,0,804413760345620481,3647
544,49024,804026241225523202,18438
545,11044,803773340896923648,3146
546,0,803692223237865472,8473
547,12057,803638050916102144,4707
548,8493,803380650405482500,2118
549,0,803321560782307329,6073
550,11032,803276597545603072,2808
551,9924,802952499103731712,2277
552,0,802624713319034886,3327
553,7828,802600418706604034,1669
554,9822,802572683846291456,2854
555,17850,802323869084381190,6652
556,6971,802265048156610565,1546
557,9962,802239329049477120,2958
558,0,802185808107208704,306
559,8479,801958328846974976,1941
560,1932,801854953262350336,264
561,8997,801538201127157760,2341
562,6671,801285448605831168,941
563,26968,801167903437357056,6787
564,0,801127390143516673,4524
565,8870,801115127852503040,2367
566,764,800859414831898624,111
567,0,800855607700029440,1850
568,11538,800751577355128832,3149
569,14454,800513324630806528,3422
570,10382,800459316964663297,2434
571,0,800443802682937345,4925
572,12262,800388270626521089,3183
573,0,800188575492947969,4475
574,16824,800141422401830912,2914
575,31259,800018252395122689,15004
576,0,799774291445383169,5349
577,9250,799757965289017345,2457
578,8843,799422933579902976,2169
579,0,799308762079035393,6316
580,10897,799297110730567681,3162
581,8903,799063482566066176,2796
582,14493,798933969379225600,5093
583,8156,798925684722855936,1634
584,0,798705661114773508,7527
585,0,798701998996647937,8898
586,0,798697898615730177,7422
587,0,798694562394996736,5673
588,0,798686750113755136,2640
589,0,798682547630837760,5399
590,0,798673117451325440,6340
591,0,798665375516884993,4428
592,0,798644042770751489,2105
593,0,798628517273620480,2230
594,0,798585098161549313,6500
595,0,798576900688019456,6714
596,0,798340744599797760,3830
597,11391,798209839306514432,2898
598,12823,797971864723324932,3576
599,15966,797545162159308800,5511
600,22001,797236660651966464,7543
601,254,797165961484890113,32
602,0,796904159865868288,10164
603,8435,796865951799083009,2155
604,13065,796759840936919040,3488
605,0,796563435802726400,8337
606,8341,796484825502875648,2004
607,12130,796387464403357696,4737
608,0,796177847564038144,16276
609,35634,796149749086875649,16276
610,5441,796125600683540480,2033
611,9995,796116448414461957,2752
612,9300,796080075804475393,2629
613,11884,796031486298386433,4202
614,54862,795464331001561088,27112
615,11116,795400264262053889,3256
616,17861,795076730285391872,6166
617,0,794983741416415232,3837
618,11311,794926597468000259,2636
619,0,794355576146903043,11735
620,10515,794332329137291264,3011
621,10139,794205286408003585,3792
622,18551,793962221541933056,5574
623,10137,793845145112371200,2135
624,0,793614319594401792,3569
625,8781,793601777308463104,1860
626,11773,793500921481273345,2714
627,27135,793286476301799424,10459
628,9506,793271401113350145,2686
629,22010,793256262322548741,9474
630,11598,793241302385262592,3731
631,10822,793226087023144960,3258
632,9835,793210959003287553,3219
633,16805,793195938047070209,6388
634,7612,793180763617361921,2253
635,10351,793165685325201412,3171
636,6790,793150605191548928,1949
637,7106,793135492858580992,2828
638,13965,793120401413079041,4443
639,15801,792913359805018113,4583
640,12459,792883833364439040,4862
641,8078,792773781206999040,1917
642,14868,792394556390137856,4881
643,7911,792050063153438720,2037
644,0,791821351946420224,23945
645,0,791784077045166082,11002
646,0,791780927877898241,4329
647,49608,791774931465953280,25294
648,12937,791672322847637504,3569
649,14442,791406955684368384,4676
650,9681,791312159183634433,2892
651,0,791026214425268224,4697
652,10912,790987426131050500,2425
653,18281,790946055508652032,5355
654,0,790723298204217344,2639
655,9029,790698755171364864,2162
656,22765,790581949425475584,8144
657,8621,790337589677002753,2124
658,13829,790277117346975746,3659
659,0,790227638568808452,4078
660,10208,789986466051088384,2639
661,0,789960241177853952,4736
662,11441,789903600034189313,4708
663,8304,789628658055020548,2026
664,7481,789599242079838210,2204
665,12955,789530877013393408,3837
666,9477,789314372632018944,2616
667,0,789280767834746880,5617
668,10042,789268448748703744,2948
669,10686,789137962068021249,3174
670,30141,788908386943430656,14116
671,30212,788765914992902144,11735
672,0,788552643979468800,8217
673,17180,788412144018661376,6041
674,7970,788178268662984705,2430
675,6768,788150585577050112,1483
676,0,788070120937619456,3876
677,6754,788039637453406209,1501
678,9560,787810552592695296,3472
679,11244,787717603741622272,3164
680,11926,787397959788929025,3219
681,8582,787322443945877504,1986
682,0,787111942498508800,7611
683,29221,786963064373534720,9111
684,0,786729988674449408,2750
685,19980,786709082849828864,6911
686,11751,786664955043049472,2922
687,10345,786595970293370880,3521
688,11994,786363235746385920,3978
689,8785,786286427768250368,3259
690,16875,786233965241827333,5441
691,1585,786051337297522688,176
692,0,786036967502913536,8020
693,12507,785927819176054784,3579
694,7353,785872687017132033,2071
695,8588,785639753186217984,2510
696,10026,785533386513321988,2283
697,6702,785515384317313025,1436
698,7999,785264754247995392,1863
699,13296,785170936622350336,5523
700,11153,784826020293709826,3647
701,9871,784517518371221505,2879
702,6239,784431430411685888,1449
703,22132,784183165795655680,9164
704,32906,784057939640352768,12679
705,33082,783839966405230592,12297
706,8088,783821107061198850,2225
707,11470,783695101801398276,3649
708,9311,783466772167098368,2556
709,18575,783391753726550016,6269
710,0,783347506784731136,6376
711,32125,783334639985389568,13285
712,8949,783085703974514689,2507
713,26509,782969140009107456,8323
714,8187,782747134529531904,1575
715,18947,782722598790725632,6100
716,8567,782598640137187329,2138
717,18319,782305867769217024,6311
718,0,782021823840026624,7087
719,12181,781955203444699136,3817
720,11449,781661882474196992,3073
721,4393,781655249211752448,1263
722,22797,781524693396357120,6271
723,7834,781308096455073793,2887
724,9278,781251288990355457,2385
725,10712,781163403222056960,3087
726,23754,780931614150983680,8337
727,7895,780858289093574656,2259
728,6056,780800785462489090,1470
729,13280,780601303617732608,3763
730,6925,780543529827336192,1967
731,0,780496263422808064,4215
732,0,780476555013349377,134
733,5796,780459368902959104,1202
734,9561,780192070812196864,2532
735,0,780092040432480260,2604
736,13463,780074436359819264,5665
737,20909,779834332596887552,8020
738,9684,779377524342161408,3529
739,0,779124354206535695,20820
740,12955,779123168116150273,4121
741,16225,779056095788752897,5115
742,21961,778990705243029504,8247
743,0,778774459159379968,11265
744,941,778764940568104960,413
745,7570,778748913645780993,1517
746,6339,778650543019483137,1692
747,5104,778624900596654080,1142
748,14925,778408200802557953,4912
749,0,778396591732486144,13866
750,6413,778383385161035776,1247
751,11376,778286810187399168,3746
752,9294,778039087836069888,2988
753,7198,778027034220126208,1837
754,0,777953400541634568,3981
755,6968,777885040357281792,1857
756,12317,777684233540206592,3327
757,0,777641927919427584,4818
758,9592,777621514455814149,2820
759,15686,777189768882946048,4890
760,0,776819012571455488,15495
761,5353,776813020089548800,1369
762,9717,776477788987613185,3165
763,0,776249906839351296,10375
764,32824,776218204058357768,18049
765,10510,776201521193218049,2841
766,12881,776113305656188928,4925
767,2008,776088319444877312,172
768,0,775898661951791106,17481
769,12816,775842724423557120,3031
770,15171,775733305207554048,4524
771,14139,775729183532220416,5185
772,8164,775364825476165632,3375
773,11121,775350846108426240,4428
774,17018,775085132600442880,5349
775,9335,774757898236878852,1987
776,7370,774639387460112384,1963
777,23823,774314403806253056,6316
778,11748,773985732834758656,4379
779,6994,773922284943896577,1951
780,7204,773704687002451968,1842
781,5837,773670353721753600,1464
782,24123,773547596996571136,6965
783,0,773336787167145985,5768
784,25390,773308824254029826,8448
785,10244,773247561583001600,3614
786,10922,773191612633579521,4627
787,9391,772877495989305348,4388
788,8716,772826264096874500,2613
789,0,772615324260794368,3807
790,7083,772581559778025472,1917
791,6566,772193107915964416,1566
792,4120,772152991789019136,1267
793,4095,772117678702071809,824
794,2964,772114945936949249,530
795,4380,772102971039580160,1045
796,7184,771908950375665664,2129
797,13135,771770456517009408,3830
798,9034,771500966810099713,2946
799,11533,771380798096281600,5768
800,0,771171053431250945,8505
801,10058,771136648247640064,3282
802,6794,771102124360998913,1615
803,7529,771014301343748096,1867
804,0,771004394259247104,247
805,5415,770787852854652928,1377
806,5671,770772759874076672,1586
807,0,770743923962707968,51284
808,8009,770655142660169732,1968
809,6877,770414278348247044,2319
810,6812,770293558247038976,1675
811,0,770093767776997377,3428
812,8264,770069151037685760,2593
813,34371,769940425801170949,10855
814,6984,769695466921623552,1874
815,0,769335591808995329,8642
816,5896,769212283578875904,1925
817,15742,768970937022709760,7381
818,0,768909767477751808,3056
819,4588,768855141948723200,1008
820,4497,768609597686943744,1358
821,5503,768596291618299904,1438
822,0,768554158521745409,6552
823,14857,768473857036525572,3861
824,11918,768193404517830656,3981
825,5199,767884188863397888,1586
826,17509,767754930266464257,6073
827,8161,767500508068192258,2631
828,13408,767191397493538821,4297
829,11037,767122157629476866,3201
830,0,766864461642756096,6364
831,5551,766793450729734144,1531
832,2831,766714921925144576,429
833,4413,766693177336135680,891
834,6578,766423258543644672,1786
835,7389,766313316352462849,2120
836,0,766078092750233600,2908
837,4675,766069199026450432,982
838,4072,766008592277377025,561
839,7887,765719909049503744,2420
840,5660,765669560888528897,1373
841,28564,765395769549590528,3798
842,7729,765371061932261376,2416
843,12683,765222098633691136,3807
844,6984,764857477905154048,1983
845,6601,764259802650378240,1707
846,800,763956972077010945,61
847,13779,763837565564780549,4697
848,5920,763183847194451968,1665
849,0,763167063695355904,3404
850,8021,763103485927849985,2551
851,13299,762699858130116608,4078
852,12331,762471784394268675,7354
853,11311,762464539388485633,4736
854,5265,762316489655476224,1267
855,34870,762035686371364864,17519
856,5900,761976711479193600,2264
857,0,761750502866649088,4435
858,4650,761745352076779520,962
859,54012,761672994376806400,32630
860,4502,761599872357261312,1315
861,0,761371037149827077,20089
862,5690,761334018830917632,1621
863,4876,761292947749015552,1237
864,5799,761227390836215808,1734
865,12278,761004547850530816,3876
866,4167,760893934457552897,1087
867,7206,760656994973933572,2156
868,5395,760641137271070720,1449
869,8264,760539183865880579,4060
870,4612,760521673607086080,1571
871,29168,760290219849637889,12856
872,4284,760252756032651264,971
873,6223,760190180481531904,2025
874,0,760153949710192640,37
875,6481,759943073749200896,2335
876,16002,759923798737051648,6364
877,7314,759846353224826880,2219
878,6491,759793422261743616,2134
879,0,759566828574212096,23756
880,5117,759557299618865152,1315
881,9266,759447681597108224,2750
882,1818,759446261539934208,552
883,6609,759197388317847553,2173
884,0,759159934323924993,1318
885,15815,759099523532779520,4705
886,7099,759047813560868866,2257
887,3855,758854675097526272,1000
888,12185,758828659922702336,4283
889,6238,758740312047005698,1787
890,4152,758474966123810816,1109
891,5232,758467244762497024,2486
892,5664,758405701903519748,2150
893,3728,758355060040593408,1212
894,20927,758099635764359168,11265
895,2954,758041019896193024,423
896,7492,757741869644341248,3627
897,0,757729163776290825,9107
898,4944,757725642876129280,1366
899,4950,757611664640446465,1245
900,0,757597904299253760,326
901,4738,757596066325864448,1183
902,16490,757400162377592832,7605
903,6349,757393109802180609,1958
904,4919,757354760399941633,1589
905,6823,756998049151549440,2223
906,7230,756939218950160384,2240
907,5524,756651752796094464,1480
908,11317,756526248105566208,4063
909,4300,756303284449767430,1202
910,44231,756288534030475264,19085
911,7002,756275833623502848,1710
912,7966,755955933503782912,3220
913,17907,755206590534418437,6006
914,23056,755110668769038337,12371
915,0,754874841593970688,8978
916,7477,754856583969079297,2812
917,2802,754747087846248448,583
918,5770,754482103782404096,2171
919,4084,754449512966619136,822
920,8523,754120377874386944,2600
921,9565,754011816964026368,4017
922,6358,753655901052166144,2434
923,8595,753420520834629632,3991
924,6290,753398408988139520,2142
925,8282,753375668877008896,2604
926,0,753298634498793472,6469
927,3702,753294487569522689,1162
928,40375,753039830821511168,23432
929,4224,753026973505581056,1087
930,13732,752932432744185856,7611
931,7464,752917284578922496,1749
932,0,752701944171524096,3222
933,6536,752682090207055872,1797
934,4798,752660715232722944,1754
935,6037,752568224206688256,2549
936,8019,752519690950500352,3835
937,4153,752334515931054080,1234
938,0,752309394570878976,18602
939,6467,752173152931807232,2061
940,3359,751950017322246144,1039
941,5683,751937170840121344,1497
942,6312,751830394383790080,2175
943,6371,751793661361422336,3254
944,8570,751598357617971201,3371
945,4789,751583847268179968,1244
946,5464,751538714308972544,1410
947,3477,751456908746354688,1102
948,13572,751251247299190784,6551
949,6850,751205363882532864,2038
950,5529,751132876104687617,1454
951,5211,750868782890057730,1556
952,14368,750719632563142656,5617
953,4842,750506206503038976,1283
954,14318,750429297815552001,4818
955,4925,750383411068534784,1274
956,746,750381685133418496,35
957,3355,750147208377409536,1077
958,3936,750132105863102464,1405
959,4678,750117059602808832,1441
960,3300,750101899009982464,936
961,2353,750086836815486976,607
962,8513,750071704093859840,3725
963,3391,750056684286914561,991
964,3448,750041628174217216,690
965,2942,750026558547456000,875
966,3519,750011400160841729,1013
967,3278,749996283729883136,896
968,5537,749981277374128128,2726
969,5039,749774190421639168,1466
970,6616,749417653287129088,1865
971,2845,749403093750648834,609
972,9332,749395845976588288,3858
973,5955,749317047558017024,2461
974,6253,749075273010798592,2306
975,5193,749064354620928000,1682
976,3360,749036806121881602,874
977,11650,748977405889503236,3802
978,6345,748932637671223296,2503
979,2997,748705597323898880,1049
980,5133,748699167502000129,1779
981,4587,748692773788876800,1472
982,6578,748575535303884801,2217
983,2371,748568946752774144,751
984,5649,748346686624440324,1380
985,8317,748337862848962560,4595
986,4013,748324050481647620,850
987,3972,748307329658011649,797
988,15289,748220828303695873,8654
989,6280,747963614829678593,2397
990,7178,747933425676525569,2839
991,3191,747885874273214464,1097
992,3035,747844099428986880,831
993,5259,747816857231626240,1293
994,1492,747651430853525504,175
995,13965,747648653817413632,6487
996,2512,747600769478692864,606
997,3987,747594051852075008,1178
998,6020,747512671126323200,1759
999,4189,747461612269887489,1156
1000,5885,747439450712596480,2145
1001,0,747242308580548608,3198
1002,5703,747219827526344708,1746
1003,3665,747204161125646336,1017
1004,10378,747103485104099331,4449
1005,3115,746906459439529985,330
1006,6481,746872823977771008,2382
1007,5719,746818907684614144,1906
1008,5265,746790600704425984,1772
1009,10324,746757706116112384,4329
1010,6533,746726898085036033,1991
1011,5436,746542875601690625,2063
1012,0,746521445350707200,1088
1013,5018,746507379341139972,1200
1014,6533,746369468511756288,1824
1015,7441,746131877086527488,2448
1016,3834,746056683365994496,912
1017,4363,745789745784041472,1181
1018,7526,745712589599014916,2580
1019,7680,745433870967832576,2817
1020,9260,745422732645535745,2709
1021,7726,745314880350101504,3065
1022,8458,745074613265149952,3888
1023,7817,745057283344719872,2533
1024,3227,744995568523612160,697
1025,8495,744971049620602880,2974
1026,6042,744709971296780288,1724
1027,7296,744334592493166593,2374
1028,129032,744234799360020481,77908
1029,1835,744223424764059648,415
1030,4481,743980027717509120,1208
1031,3932,743895849529389061,1060
1032,0,743835915802583040,2325
1033,4832,743609206067040256,1524
1034,19932,743595368194129920,7282
1035,3795,743545585370791937,1043
1036,8518,743510151680958465,4084
1037,4549,743253157753532416,1335
1038,6675,743222593470234624,2108
1039,4137,743210557239623680,1509
1040,7601,742534281772302336,3931
1041,4798,742528092657332225,2198
1042,7820,742465774154047488,4290
1043,10635,742423170473463808,4215
1044,7327,742385895052087300,2207
1045,4677,742161199639494656,1517
1046,5560,742150209887731712,1735
1047,4897,741793263812808706,1666
1048,8804,741743634094141440,3063
1049,3958,741438259667034112,921
1050,9469,741303864243200000,3572
1051,10806,741099773336379392,6114
1052,10174,741067306818797568,3428
1053,6908,740995100998766593,3077
1054,3676,740711788199743490,1035
1055,3057,740699697422163968,864
1056,19542,740676976021798912,7527
1057,37405,740373189193256964,14734
1058,2671,740365076218183684,483
1059,3559,740359016048689152,947
1060,7197,740214038584557568,2173
1061,21507,739979191639244800,6552
1062,4369,739932936087216128,1191
1063,4076,739844404073074688,937
1064,4105,739623569819336705,1511
1065,5809,739606147276148736,1836
1066,42904,739544079319588864,23756
1067,7758,739485634323156992,3247
1068,73807,739238157791694849,51284
1069,115,738891149612572673,6
1070,4054,738885046782832640,1256
1071,3602,738883359779196928,895
1072,5483,738537504001953792,1727
1073,3527,738402415918125056,939
1074,4654,738184450748633089,1334
1075,9467,738166403467907072,3757
1076,2723,738156290900254721,733
1077,5660,737826014890496000,1959
1078,10757,737800304142471168,3822
1079,5430,737678689543020544,1476
1080,11110,737445876994609152,4942
1081,3881,737322739594330112,886
1082,15793,737310737551491075,8181
1083,4646,736736130620620800,1924
1084,19129,736392552031657984,8217
1085,4304,736365877722001409,1373
1086,8740,736225175608430592,3051
1087,8508,736010884653420544,3273
1088,3872,735991953473572864,1268
1089,4319,735648611367784448,1206
1090,6659,735635087207878657,2605
1091,13976,735274964362878976,5615
1092,3613,735256018284875776,973
1093,3368,735137028879360001,1067
1094,2935,734912297295085568,568
1095,13514,734787690684657664,6954
1096,2695,734776360183431168,599
1097,1611,734559631394082816,438
1098,3861,733828123016450049,858
1099,3952,733822306246479872,1115
1100,3376,733482008106668032,1046
1101,4522,733460102733135873,1412
1102,45673,733109485275860992,17481
1103,2621,732732193018155009,589
1104,3795,732726085725589504,977
1105,3959,732585889486888962,850
1106,8689,732375214819057664,2773
1107,16046,732005617171337216,6022
1108,3741,731285275100512256,1076
1109,4121,731156023742988288,1398
1110,6575,730924654643314689,2184
1111,5298,730573383004487680,2380
1112,3734,730427201120833536,1149
1113,4109,730211855403241472,1154
1114,5250,730196704625098752,2122
1115,4318,729854734790754305,1228
1116,1829,729838605770891264,421
1117,4284,729823566028484608,1367
1118,6233,729463711119904772,2535
1119,2024,729113531270991872,362
1120,3406,728986383096946689,895
1121,5008,728760639972315136,1867
1122,2996,728751179681943552,742
1123,3557,728653952833728512,1146
1124,5288,728409960103686147,2219
1125,3940,728387165835677696,1050
1126,4633,728046963732717569,1293
1127,4875,728035342121635841,1838
1128,4401,728015554473250816,1204
1129,3148,727685679342333952,698
1130,6332,727644517743104000,1922
1131,4806,727524757080539137,1352
1132,3561,727314416056803329,823
1133,3260,727286334147182592,902
1134,4149,727175381690781696,1500
1135,3906,727155742655025152,1460
1136,7385,726935089318363137,2691
1137,4122,726887082820554753,1653
1138,3809,726828223124897792,1105
1139,4736,726224900189511680,1274
1140,7566,725842289046749185,2908
1141,4463,725786712245440512,1492
1142,5561,725729321944506368,1956
1143,1512,725458796924002305,684
1144,3971,724983749226668032,1435
1145,2548,724771698126512129,706
1146,5696,724405726123311104,1810
1147,4651,724049859469295616,1943
1148,2855,724046343203856385,609
1149,4485,724004602748780546,1742
1150,4166,723912936180330496,1347
1151,8291,723688335806480385,3274
1152,3240,723673163800948736,985
1153,5675,723179728551723008,2061
1154,4409,722974582966214656,1724
1155,5303,722613351520608256,1796
1156,4995,721503162398597120,2066
1157,2706,721001180231503872,677
1158,3340,720785406564900865,847
1159,2650,720775346191278080,745
1160,4426,720415127506415616,1641
1161,6869,720389942216527872,2769
1162,3069,720340705894408192,1073
1163,4169,720059472081784833,1243
1164,5250,720043174954147842,2201
1165,5190,719991154352222208,1928
1166,4885,719704490224398336,1591
1167,5412,719551379208073216,2129
1168,2983,719367763014393856,812
1169,4727,719339463458033665,1370
1170,3652,719332531645071360,1050
1171,3743,718971898235854848,1210
1172,5616,718939241951195136,1928
1173,20337,718631497683582976,8898
1174,2624,718613305783398402,531
1175,2672,718540630683709445,1112
1176,2896,718460005985447936,585
1177,5227,718454725339934721,1653
1178,2065,718246886998687744,554
1179,4140,718234618122661888,1101
1180,2619,717841801130979328,655
1181,3113,717790033953034240,1243
1182,6174,717537687239008257,2021
1183,1711,717428917016076293,501
1184,3381,717421804990701568,929
1185,6722,717047459982213120,2093
1186,3505,717009362452090881,1079
1187,4568,716802964044845056,1289
1188,5916,716791146589110272,1523
1189,1315,716730379797970944,467
1190,14070,716447146686459905,6468
1191,2529,716439118184652801,241
1192,2984,716285507865542656,1196
1193,5235,716080869887381504,1916
1194,3434,715928423106027520,968
1195,4004,715758151270801409,1567
1196,5002,715733265223708672,1864
1197,3007,715704790270025728,622
1198,4184,715696743237730304,1420
1199,4631,715680795826982913,1784
1200,5856,715360349751484417,1731
1201,3239,715342466308784130,755
1202,2578,715220193576927233,724
1203,5487,715200624753819648,2067
1204,4475,715009755312439296,1364
1205,4025,714982300363173890,1133
1206,7890,714962719905021952,4706
1207,4437,714957620017307648,1557
1208,3505,714631576617938945,1099
1209,3879,714606013974974464,1023
1210,2910,714485234495041536,1283
1211,3222,714258258790387713,792
1212,3502,714251586676113411,925
1213,2439,714214115368108032,967
1214,4604,714141408463036416,1538
1215,3498,713919462244790272,854
1216,2038,713909862279876608,600
1217,3020,713900603437621249,819
1218,5219,713761197720473600,1516
1219,4717,713411074226274305,1418
1220,7728,713177543487135744,3120
1221,4778,713175907180089344,1598
1222,20003,712809025985978368,7422
1223,13262,712717840512598017,5482
1224,4457,712668654853337088,1338
1225,5706,712438159032893441,1716
1226,264,712309440758808576,26
1227,4078,712097430750289920,1150
1228,3160,712092745624633345,997
1229,3468,712085617388212225,541
1230,2418,712065007010385924,695
1231,0,711998809858043904,137
1232,8631,711968124745228288,2543
1233,3052,711743778164514816,1084
1234,9570,711732680602345472,4539
1235,35267,711694788429553666,20089
1236,4153,711652651650457602,1015
1237,3923,711363825979756544,1258
1238,3538,711306686208872448,804
1239,3216,711008018775851008,690
1240,4882,710997087345876993,1537
1241,2736,710844581445812225,754
1242,2890,710833117892898816,590
1243,2473,710658690886586372,624
1244,5142,710609963652087808,2579
1245,4890,710588934686908417,2063
1246,2538,710296729921429505,813
1247,2274,710283270106132480,568
1248,4854,710272297844797440,1384
1249,2574,710269109699739648,1234
1250,3112,710153181850935296,979
1251,2972,710140971284037632,983
1252,5909,710117014656950272,2198
1253,3198,709918798883774466,1186
1254,721,709901256215666688,109
1255,3764,709852847387627521,1312
1256,3791,709566166965075968,1336
1257,3528,709556954897764353,1174
1258,1596,709519240576036864,266
1259,2389,709449600415961088,653
1260,2816,709409458133323776,766
1261,2575,709225125749587968,632
1262,13537,709207347839836162,6424
1263,2588,709198395643068416,706
1264,2167,709179584944730112,745
1265,2196,709158332880297985,458
1266,5120,709042156699303936,1814
1267,1920,708853462201716736,724
1268,3179,708845821941387268,988
1269,1825,708834316713893888,553
1270,17720,708810915978854401,7658
1271,2941,708738143638450176,896
1272,2738,708711088997666817,806
1273,2726,708479650088034305,747
1274,3303,708469915515297792,900
1275,17202,708400866336894977,11108
1276,3882,708356463048204288,1491
1277,2524,708349470027751425,813
1278,4580,708149363256774660,1691
1279,3647,708130923141795840,926
1280,2886,708119489313951744,1076
1281,2078,708109389455101952,595
1282,4690,708026248782585858,2119
1283,3327,707995814724026368,1237
1284,51,707983188426153984,2
1285,2894,707969809498152960,1071
1286,3520,707776935007539200,1047
1287,2671,707741517457260545,675
1288,4405,707738799544082433,2722
1289,3682,707693576495472641,1101
1290,2775,707629649552134146,968
1291,18245,707610948723478529,7087
1292,2444,707420581654872064,773
1293,2441,707411934438625280,661
1294,3768,707387676719185920,1444
1295,3527,707377100785885184,1186
1296,2649,707315916783140866,708
1297,2955,707297311098011648,884
1298,2757,707059547140169728,747
1299,2364,707038192327901184,883
1300,4360,707021089608753152,1514
1301,2464,707014260413456384,652
1302,15676,706904523814649856,8642
1303,2221,706901761596989440,665
1304,3560,706681918348251136,1067
1305,2769,706644897839910912,1205
1306,2318,706593038911545345,694
1307,3714,706538006853918722,1551
1308,3336,706516534877929472,1134
1309,3700,706346369204748288,1013
1310,23069,706310011488698368,8815
1311,1827,706291001778950144,513
1312,2924,706265994973601792,1009
1313,4212,706169069255446529,2452
1314,5527,706166467411222528,1776
1315,1605,706153300320784384,424
1316,3336,705975130514706432,821
1317,3374,705970349788291072,986
1318,2550,705898680587526145,626
1319,2094,705786532653883392,585
1320,3412,705591895322394625,1277
1321,3187,705475953783398401,1023
1322,4791,705442520700944385,1825
1323,4105,705428427625635840,1877
1324,3223,705239209544720384,828
1325,2775,705223444686888960,884
1326,2315,705102439679201280,572
1327,2336,705066031337840642,666
1328,4528,704871453724954624,1229
1329,2422,704859558691414016,601
1330,5505,704847917308362754,1696
1331,2848,704819833553219584,1113
1332,7148,704761120771465216,3198
1333,3165,704499785726889984,1103
1334,823,704491224099647488,94
1335,3658,704480331685040129,1170
1336,8660,704364645503647744,3919
1337,1701,704347321748819968,386
1338,1624,704134088924532736,510
1339,1998,704113298707505153,618
1340,3145,704054845121142784,1007
1341,1985,703774238772166656,514
1342,3549,703769065844768768,1253
1343,2794,703631701117943808,761
1344,4155,703611486317502464,1676
1345,4095,703425003149250560,1527
1346,2649,703407252292673536,766
1347,3774,703382836347330562,1261
1348,2048,703356393781329922,425
1349,2114,703268521220972544,610
1350,7942,703079050210877440,3409
1351,28491,703041949650034688,13866
1352,2779,702932127499816960,799
1353,1739,702899151802126337,497
1354,3460,702684942141153280,1191
1355,2360,702671118226825216,619
1356,11133,702598099714314240,3628
1357,3084,702539513671897089,1064
1358,3442,702332542343577600,1712
1359,3542,702321140488925184,1138
1360,2656,702276748847800320,841
1361,5178,702217446468493312,1479
1362,3699,701981390485725185,1087
1363,4109,701952816642965504,1124
1364,3840,701889187134500865,1520
1365,3692,701805642395348998,1865
1366,2245,701601587219795968,510
1367,3031,701570477911896070,1032
1368,2854,701545186879471618,669
1369,13229,701214700881756160,5673
1370,2397,700890391244103680,637
1371,2787,700864154249383937,674
1372,2612,700847567345688576,551
1373,2622,700796979434098688,1058
1374,24671,700747788515020802,10375
1375,2835,700518061187723268,884
1376,2448,700505138482569216,631
1377,4466,700462010979500032,1992
1378,2854,700167517596164096,823
1379,2415,700151421916807169,735
1380,8129,700143752053182464,3056
1381,2838,700062718104104960,763
1382,2225,700029284593901568,643
1383,3564,700002074055016451,1491
1384,3286,699801817392291840,1071
1385,2420,699788877217865730,545
1386,2986,699779630832685056,1370
1387,2107,699775878809702401,671
1388,11042,699691744225525762,5070
1389,6387,699446877801091073,2888
1390,2344,699434518667751424,567
1391,1477,699423671849451520,370
1392,2220,699413908797464576,682
1393,2021,699370870310113280,487
1394,3401,699323444782047232,963
1395,2404,699088579889332224,698
1396,2630,699079609774645248,726
1397,3241,699072405256409088,1308
1398,4079,699060279947165696,2008
1399,2815,699036661657767936,1319
1400,3652,698989035503689728,1086
1401,2913,698953797952008193,996
1402,2737,698907974262222848,683
1403,2666,698710712454139905,757
1404,1566,698703483621523456,419
1405,1380,698635131305795584,375
1406,2497,698549713696649216,686
1407,2011,698355670425473025,500
1408,2443,698342080612007937,1050
1409,5118,698262614669991936,2229
1410,18091,698195409219559425,6601
1411,3032,698178924120031232,813
1412,1639,697995514407682048,365
1413,3540,697990423684476929,1424
1414,2580,697943111201378304,760
1415,3252,697881462549430272,1311
1416,1877,697630435728322560,597
1417,3400,697616773278015490,1120
1418,3259,697596423848730625,1393
1419,2203,697575480820686848,558
1420,2232,697516214579523584,1252
1421,2607,697482927769255936,751
1422,3683,697463031882764288,1522
1423,5029,697270446429966336,2051
1424,3549,697259378236399616,1106
1425,3255,697255105972801536,1285
1426,2707,697242256848379904,737
1427,3443,696900204696625153,1134
1428,2537,696894894812565505,746
1429,5213,696886256886657024,1980
1430,2638,696877980375769088,786
1431,1584,696754882863349760,392
1432,2247,696744641916489729,1051
1433,2564,696713835009417216,729
1434,4208,696518437233913856,1857
1435,1316,696490539101908992,165
1436,2743,696488710901260288,1142
1437,3461,696405997980676096,1256
1438,2087,696100768806522880,734
1439,3232,695816827381944320,1291
1440,3429,695794761660297217,861
1441,2018,695767669421768709,829
1442,4928,695629776980148225,2334
1443,4691,695446424020918272,1996
1444,9285,695409464418041856,3940
1445,3927,695314793360662529,1637
1446,2834,695095422348574720,675
1447,3059,695074328191332352,1217
1448,1729,695064344191721472,666
1449,2862,695051054296211456,873
1450,2905,694925794720792577,1015
1451,2987,694905863685980160,1037
1452,38247,694669722378485760,15947
1453,1626,694356675654983680,321
1454,2198,694352839993344000,686
1455,1697,694342028726001664,541
1456,2165,694329668942569472,553
1457,4512,694206574471057408,2254
1458,3177,694183373896572928,1026
1459,3638,694001791655137281,1154
1460,2016,693993230313091072,449
1461,1861,693942351086120961,408
1462,2908,693647888581312512,658
1463,1445,693644216740769793,143
1464,2740,693642232151285760,461
1465,2639,693629975228977152,883
1466,1657,693622659251335168,409
1467,5463,693590843962331137,2176
1468,1774,693582294167244802,284
1469,1904,693486665285931008,686
1470,3614,693280720173801472,1373
1471,2560,693267061318012928,905
1472,2400,693262851218264065,557
1473,3074,693231807727280129,812
1474,8515,693155686491000832,3548
1475,1850,693109034023534592,675
1476,2015,693095443459342336,512
1477,2878,692919143163629568,826
1478,2628,692905862751522816,976
1479,1933,692901601640583168,668
1480,2456,692894228850999298,893
1481,3097,692828166163931137,972
1482,7359,692752401762250755,4030
1483,4660,692568918515392513,1699
1484,3443,692535307825213440,1500
1485,1983,692530551048294401,467
1486,1589,692423280028966913,257
1487,10102,692417313023332352,3835
1488,2713,692187005137076224,910
1489,2321,692158366030913536,884
1490,1762,692142790915014657,433
1491,3658,692041934689402880,1404
1492,3084,692017291282812928,1062
1493,4248,691820333922455552,1825
1494,8771,691793053716221953,4644
1495,3125,691756958957883396,1140
1496,2083,691675652215414786,564
1497,2551,691483041324204033,640
1498,4374,691459709405118465,1272
1499,2852,691444869282295808,940
1500,20886,691416866452082688,8473
1501,2783,691321916024623104,733
1502,3192,691096613310316544,998
1503,1837,691090071332753408,378
1504,6377,690989312272396288,3191
1505,3847,690959652130045952,1391
1506,4464,690938899477221376,2212
1507,3546,690932576555528194,1124
1508,4059,690735892932222976,1418
1509,2332,690728923253055490,579
1510,2498,690690673629138944,878
1511,1408,690649993829576704,314
1512,313,690607260360429569,19
1513,2114,690597161306841088,668
1514,2006,690400367696297985,499
1515,3495,690374419777196032,959
1516,2867,690360449368465409,984
1517,1615,690348396616552449,560
1518,1813,690248561355657216,459
1519,3013,690021994562220032,1148
1520,2689,690015576308211712,816
1521,3938,690005060500217858,1867
1522,1533,689999384604450816,415
1523,1580,689993469801164801,509
1524,1469,689977555533848577,491
1525,2605,689905486972461056,771
1526,3243,689877686181715968,1317
1527,2331,689835978131935233,837
1528,3438,689661964914655233,1023
1529,11219,689659372465688576,4313
1530,2417,689623661272240129,725
1531,12545,689599056876867584,6114
1532,2217,689557536375177216,509
1533,3657,689517482558820352,1581
1534,2428,689289219123089408,1032
1535,3551,689283819090870273,1224
1536,2152,689280876073582592,797
1537,1248,689275259254616065,275
1538,2766,689255633275777024,1192
1539,3302,689154315265683456,1111
1540,2188,689143371370250240,575
1541,2942,688916208532455424,961
1542,2275,688908934925697024,856
1543,2267,688898160958271489,872
1544,2405,688894073864884227,776
1545,1477,688828561667567616,410
1546,1029,688804835492233216,219
1547,2384,688789766343622656,735
1548,2807,688547210804498433,776
1549,2477,688519176466644993,806
1550,10026,688385280030670848,4931
1551,2392,688211956440801280,930
1552,2282,688179443353796608,653
1553,3039,688116655151435777,870
1554,1848,688064179421470721,401
1555,5902,687841446767013888,2807
1556,2942,687826841265172480,1260
1557,2702,687818504314159109,1064
1558,2582,687807801670897665,776
1559,1895,687732144991551489,730
1560,2629,687704180304273409,936
1561,2087,687664829264453632,570
1562,2065,687494652870668288,641
1563,1721,687480748861947905,277
1564,2137,687476254459715584,601
1565,2199,687460506001633280,600
1566,2043,687399393394311168,691
1567,21695,687317306314240000,10164
1568,4689,687312378585812992,2108
1569,5901,687127927494963200,2532
1570,2332,687124485711986689,560
1571,6259,687109925361856513,2743
1572,2517,687102708889812993,1098
1573,2414,687096057537363968,680
1574,9274,686947101016735744,3514
1575,3784,686760001961103360,1525
1576,3749,686749460672679938,1629
1577,4474,686730991906516992,1324
1578,3016,686683045143953408,891
1579,3971,686618349602762752,1510
1580,2031,686606069955735556,599
1581,1894,686394059078897668,757
1582,3497,686386521809772549,981
1583,2388,686377065986265092,626
1584,2365,686358356425093120,757
1585,4320,686286779679375361,1853
1586,2377,686050296934563840,817
1587,1250,686035780142297088,134
1588,3354,686034024800862208,1304
1589,2663,686007916130873345,464
1590,1962,686003207160610816,711
1591,2279,685973236358713344,594
1592,1769,685943807276412928,681
1593,8120,685906723014619143,3227
1594,2183,685681090388975616,140
1595,2517,685667379192414208,644
1596,3494,685663452032069632,1621
1597,3156,685641971164143616,861
1598,35578,685547936038666240,17378
1599,3278,685532292383666176,1278
1600,10266,685325112850124800,4435
1601,2861,685321586178670592,718
1602,3608,685315239903100929,1202
1603,2220,685307451701334016,487
1604,3350,685268753634967552,1341
1605,2503,685198997565345792,742
1606,4410,685169283572338688,1587
1607,2465,684969860808454144,428
1608,7171,684959798585110529,3465
1609,3461,684940049151070208,1162
1610,3783,684926975086034944,531
1611,3778,684914660081053696,1622
1612,2018,684902183876321280,593
1613,2255,684880619965411328,918
1614,37858,684830982659280897,23945
1615,2925,684800227459624960,1096
1616,9655,684594889858887680,3925
1617,4434,684588130326986752,1561
1618,3249,684567543613382656,1379
1619,2861,684538444857667585,1066
1620,4168,684481074559381504,1297
1621,2126,684460069371654144,616
1622,8821,684241637099323392,3654
1623,1338,684225744407494656,235
1624,4146,684222868335505415,1532
1625,2347,684200372118904832,1143
1626,2062,684195085588783105,577
1627,3753,684188786104872960,1306
1628,2180,684177701129875456,747
1629,3203,684147889187209216,1660
1630,2137,684122891630342144,527
1631,4431,684097758874210310,1590
1632,4092,683857920510050305,1234
1633,2073,683852578183077888,390
1634,2824,683849932751646720,1090
1635,2829,683834909291606017,1232
1636,2997,683828599284170753,1166
1637,3610,683773439333797890,1500
1638,7033,683742671509258241,3699
1639,7930,683515932363329536,3222
1640,3405,683498322573824003,1065
1641,2830,683481228088049664,1094
1642,2625,683462770029932544,747
1643,4200,683449695444799489,1781
1644,8198,683391852557561860,2640
1645,3171,683357973142474752,1041
1646,3100,683142553609318400,1154
1647,3670,683111407806746624,1016
1648,2327,683098815881154561,721
1649,2132,683078886620553216,622
1650,2323,683030066213818368,810
1651,39980,682962037429899265,18571
1652,1909,682808988178739200,206
1653,2657,682788441537560576,1239
1654,1636,682750546109968385,482
1655,1413,682697186228989953,394
1656,3282,682662431982772225,1185
1657,2216,682638830361513985,664
1658,3697,682429480204398592,1284
1659,8172,682406705142087680,1959
1660,2391,682393905736888321,755
1661,1792,682389078323662849,513
1662,3314,682303737705140231,1107
1663,4489,682259524040966145,1355
1664,3496,682242692827447297,1311
1665,19769,682088079302213632,11002
1666,5350,682059653698686977,1881
1667,3461,682047327939461121,1068
1668,7085,682032003584274432,2238
1669,3388,682003177596559360,1691
1670,2979,681981167097122816,1137
1671,2648,681891461017812993,927
1672,13769,681694085539872773,4475
1673,1892,681679526984871937,492
1674,2847,681654059175129088,1026
1675,2061,681610798867845120,522
1676,3817,681579835668455424,1453
1677,15452,681523177663676416,6469
1678,1767,681340665377193984,308
1679,10005,681339448655802368,4506
1680,2871,681320187870711809,846
1681,4259,681302363064414209,2031
1682,3428,681297372102656000,1065
1683,3460,681281657291280384,1225
1684,1562,681261549936340994,301
1685,1611,681242418453299201,607
1686,2571,681231109724700672,532
1687,3993,681193455364796417,1650
1688,2614,680970795137544192,730
1689,4903,680959110691590145,2202
1690,3471,680940246314430465,1179
1691,2234,680934982542561280,487
1692,2567,680913438424612864,690
1693,1900,680889648562991104,409
1694,3706,680836378243002368,1484
1695,2330,680805554198020098,737
1696,2550,680801747103793152,912
1697,3073,680798457301471234,1158
1698,2836,680609293079592961,793
1699,3883,680583894916304897,1482
1700,4562,680497766108381184,2124
1701,1841,680494726643068929,532
1702,2721,680473011644985345,828
1703,1554,680440374763077632,554
1704,1565,680221482581123072,323
1705,3044,680206703334408192,1299
1706,2303,680191257256136705,568
1707,4189,680176173301628928,1731
1708,2486,680161097740095489,811
1709,3886,680145970311643136,1926
1710,2468,680130881361686529,1054
1711,2911,680115823365742593,1009
1712,3828,680100725817409536,1517
1713,13734,680085611152338944,9835
1714,2767,680070545539371008,969
1715,17962,680055455951884288,7897
1716,2114,679877062409191424,709
1717,2322,679872969355714560,732
1718,2638,679862121895714818,688
1719,3089,679854723806179328,1363
1720,2547,679844490799091713,865
1721,39030,679828447187857408,15495
1722,3320,679777920601223168,1248
1723,2256,679736210798047232,889
1724,2322,679729593985699840,913
1725,1781,679722016581222400,523
1726,5120,679530280114372609,2294
1727,2849,679527802031484928,806
1728,3628,679511351870550016,1427
1729,3404,679503373272485890,1638
1730,2255,679475951516934144,710
1731,34196,679462823135686656,20820
1732,2560,679405845277462528,1340
1733,23119,679158373988876288,8978
1734,2978,679148763231985668,1139
1735,3188,679132435750195208,1284
1736,6406,679111216690831360,2835
1737,18383,679062614270468097,9107
1738,2424,679047485189439488,759
1739,3031,679001094530465792,1362
1740,2500,678991772295516161,1296
1741,1759,678969228704284672,514
1742,2761,678800283649069056,996
1743,3737,678798276842360832,1315
1744,2985,678774928607469569,1018
1745,3790,678767140346941444,1518
1746,1749,678764513869611008,530
1747,7661,678755239630127104,3666
1748,4021,678740035362037760,1892
1749,5968,678708137298427904,2692
1750,3079,678675843183484930,1645
1751,2205,678643457146150913,478
1752,4276,678446151570427904,1746
1753,5814,678424312106393600,2819
1754,4548,678410210315247616,2017
1755,61364,678399652199309312,30196
1756,1701,678396796259975168,463
1757,1995,678389028614488064,464
1758,2605,678380236862578688,994
1759,1857,678341075375947776,593
1760,1389,678334497360859136,295
1761,12303,678278586130948096,6696
1762,1696,678255464182861824,408
1763,2058,678023323247357953,430
1764,14731,678021115718029313,7005
1765,3637,677961670166224897,1844
1766,1441,677918531514703872,448
1767,5178,677895101218201600,2335
1768,3263,677716515794329600,1077
1769,3620,677700003327029250,1580
1770,1305,677698403548192770,354
1771,2637,677687604918272002,928
1772,3566,677673981332312066,1643
1773,2089,677662372920729601,1074
1774,2009,677644091929329666,874
1775,2281,677573743309385728,806
1776,1381,677565715327688705,505
1777,2612,677557565589463040,1283
1778,7423,677547928504967168,3988
1779,1136,677530072887205888,246
1780,3266,677335745548390400,1970
1781,1452,677334615166730240,324
1782,1165,677331501395156992,261
1783,3878,677328882937298944,1649
1784,1758,677314812125323265,594
1785,1333,677301033169788928,455
1786,2122,677269281705472000,776
1787,3779,677228873407442944,1798
1788,2920,677187300187611136,1007
1789,2958,676975532580409345,1177
1790,2349,676957860086095872,889
1791,1384,676949632774234114,435
1792,2309,676948236477857792,961
1793,1817,676946864479084545,416
1794,2212,676942428000112642,842
1795,13556,676936541936185344,5399
1796,3167,676916996760600576,1965
1797,2388,676897532954456065,800
1798,2237,676864501615042560,785
1799,24653,676821958043033607,17163
1800,1919,676819651066732545,726
1801,1508,676811746707918848,463
1802,5302,676776431406465024,2200
1803,3088,676617503762681856,1084
1804,1158,676613908052996102,212
1805,2002,676606785097199616,483
1806,1252,676603393314578432,431
1807,4865,676593408224403456,2362
1808,975,676590572941893632,139
1809,2483,676588346097852417,873
1810,1285,676582956622721024,308
1811,2755,676575501977128964,1234
1812,1996,676533798876651520,607
1813,1606,676496375194980353,587
1814,12412,676470639084101634,5118
1815,1827,676440007570247681,734
1816,1483,676430933382295552,377
1817,2198,676263575653122048,594
1818,1299,676237365392908289,327
1819,79124,676219687039057920,33930
1820,1847,676215927814406144,645
1821,2421,676191832485810177,1123
1822,2044,676146341966438401,726
1823,2287,676121918416756736,1273
1824,2976,676101918813499392,1260
1825,3206,676098748976615425,1572
1826,1400,676089483918516224,469
1827,1741,675898130735476737,636
1828,2264,675891555769696257,952
1829,2534,675888385639251968,1045
1830,4436,675878199931371520,1541
1831,1746,675870721063669760,619
1832,2858,675853064436391936,1420
1833,997,675849018447167488,167
1834,2430,675845657354215424,973
1835,1617,675822767435051008,578
1836,1115,675820929667219457,252
1837,10886,675798442703122432,3696
1838,1712,675781562965868544,518
1839,1235,675740360753160193,379
1840,2006,675710890956750848,904
1841,2109,675707330206547968,753
1842,681,675706639471788032,104
1843,1910,675534494439489536,456
1844,1248,675531475945709568,421
1845,1100,675522403582218240,308
1846,1385,675517828909424640,496
1847,18178,675501075957489664,6340
1848,3323,675497103322386432,1419
1849,1374,675489971617296384,650
1850,1950,675483430902214656,1057
1851,1602,675432746517426176,615
1852,1801,675372240448454658,549
1853,1111,675362609739206656,252
1854,34652,675354435921575936,18602
1855,4169,675349384339542016,2468
1856,2948,675334060156301312,1402
1857,3823,675166823650848770,1754
1858,6665,675153376133427200,2836
1859,3959,675149409102012420,1833
1860,1000,675147105808306176,261
1861,1266,675146535592706048,341
1862,2255,675145476954566656,980
1863,1367,675135153782571009,532
1864,2071,675113801096802304,854
1865,1019,675111688094527488,276
1866,2943,675109292475830276,1228
1867,1117,675047298674663426,356
1868,2854,675015141583413248,1298
1869,1031,675006312288268288,245
1870,1634,675003128568291329,507
1871,2380,674999807681908736,1203
1872,913,674805413498527744,384
1873,3171,674800520222154752,935
1874,2645,674793399141146624,1190
1875,1161,674790488185167872,272
1876,849,674788554665512960,225
1877,2108,674781762103414784,1310
1878,1187,674774481756377088,522
1879,1933,674767892831932416,862
1880,833,674764817387900928,259
1881,1436,674754018082705410,482
1882,1549,674752233200820224,503
1883,1473,674743008475090944,595
1884,515,674742531037511680,54
1885,1173,674739953134403584,425
1886,675,674737130913071104,100
1887,1207,674690135443775488,503
1888,1706,674670581682434048,704
1889,973,674664755118911488,273
1890,1504,674646392044941312,545
1891,1079,674644256330530816,299
1892,1771,674638615994089473,632
1893,1578,674632714662858753,622
1894,988,674606911342424069,110
1895,6544,674468880899788800,2226
1896,1118,674447403907457024,384
1897,1173,674436901579923456,422
1898,1505,674422304705744896,574
1899,715,674416750885273600,152
1900,1261,674410619106390016,508
1901,1574,674394782723014656,618
1902,898,674372068062928900,334
1903,586,674330906434379776,78
1904,1482,674318007229923329,559
1905,11919,674307341513269249,7486
1906,15529,674291837063053312,6376
1907,1652,674271431610523648,783
1908,941,674269164442398721,250
1909,1722,674265582246694913,911
1910,1357,674262580978937856,491
1911,1542,674255168825880576,605
1912,788,674082852460433408,182
1913,1025,674075285688614912,308
1914,6693,674063288070742018,2397
1915,3499,674053186244734976,1409
1916,1530,674051556661161984,523
1917,1485,674045139690631169,693
1918,756,674042553264685056,139
1919,1156,674038233588723717,442
1920,881,674036086168010753,235
1921,1881,674024893172875264,1324
1922,1186,674019345211760640,329
1923,1640,674014384960745472,701
1924,1262,674008982932058114,381
1925,2055,673956914389192708,1046
1926,1222,673919437611909120,391
1927,3343,673906403526995968,1763
1928,978,673887867907739649,270
1929,3229,673716320723169284,819
1930,3730,673715861853720576,2253
1931,1092,673711475735838725,320
1932,889,673709992831262724,299
1933,1121,673708611235921920,310
1934,1155,673707060090052608,422
1935,1314,673705679337693185,426
1936,1504,673700254269775872,613
1937,3984,673697980713705472,2113
1938,1826,673689733134946305,692
1939,1323,673688752737402881,529
1940,1515,673686845050527744,469
1941,1430,673680198160809984,507
1942,1309,673662677122719744,386
1943,750,673656262056419329,262
1944,1174,673636718965334016,398
1945,1660,673612854080196609,782
1946,1243,673583129559498752,393
1947,863,673580926094458881,289
1948,1446,673576835670777856,600
1949,1066,673363615379013632,334
1950,1524,673359818736984064,717
1951,1563,673355879178194945,631
1952,1723,673352124999274496,578
1953,764,673350198937153538,224
1954,2641,673345638550134785,1385
1955,1014,673343217010679808,285
1956,1325,673342308415348736,634
1957,14184,673320132811366400,8505
1958,903,673317986296586240,284
1959,7884,673295268553605120,3404
1960,1108,673270968295534593,396
1961,1479,673240798075449344,777
1962,2357,673213039743795200,907
1963,1780,673148804208660480,679
1964,2052,672997845381865473,768
1965,998,672995267319328768,319
1966,1016,672988786805112832,308
1967,1301,672984142909456390,581
1968,1884,672980819271634944,1056
1969,1766,672975131468300288,990
1970,997,672970152493887488,380
1971,1370,672968025906282496,591
1972,1485,672964561327235073,691
1973,1421,672902681409806336,538
1974,927,672898206762672129,447
1975,1623,672884426393653248,882
1976,1074,672877615439593473,393
1977,1369,672834301050937345,614
1978,1315,672828477930868736,519
1979,1014,672640509974827008,344
1980,1355,672622327801233409,526
1981,1276,672614745925664768,632
1982,1161,672609152938721280,415
1983,1164,672604026190569472,435
1984,1381,672594978741354496,647
1985,991,672591762242805761,356
1986,759,672591271085670400,200
1987,1072,672538107540070400,398
1988,679,672523490734551040,185
1989,1163,672488522314567680,472
1990,1186,672482722825261057,652
1991,740,672481316919734272,131
1992,1507,672475084225949696,754
1993,1415,672466075045466113,581
1994,6755,672272411274932228,3609
1995,1563,672267570918129665,651
1996,1197,672264251789176834,370
1997,2938,672256522047614977,1665
1998,1487,672254177670729728,787
1999,1799,672248013293752320,646
2000,714,672245253877968896,166
2001,935,672239279297454080,341
2002,1918,672231046314901505,1073
2003,817,672222792075620352,226
2004,2365,672205392827572224,1235
2005,1058,672169685991993344,395
2006,909,672160042234327040,384
2007,1831,672139350159835138,772
2008,2514,672125275208069120,1220
2009,1037,672095186491711488,392
2010,985,672082170312290304,391
2011,1356,672068090318987265,549
2012,8846,671896809300709376,4428
2013,1390,671891728106971137,600
2014,3619,671882082306625538,1469
2015,1477,671879137494245376,733
2016,1307,671874878652489728,590
2017,1170,671866342182637568,536
2018,952,671855973984772097,486
2019,7387,671789708968640512,3726
2020,1241,671768281401958400,556
2021,1752,671763349865160704,979
2022,1399,671744970634719232,822
2023,769,671743150407421952,241
2024,1506,671735591348891648,796
2025,8934,671729906628341761,4663
2026,13451,671561002136281088,7738
2027,953,671550332464455680,222
2028,1421,671547767500775424,637
2029,2083,671544874165002241,1123
2030,1139,671542985629241344,604
2031,965,671538301157904385,424
2032,1229,671536543010570240,436
2033,1072,671533943490011136,614
2034,877,671528761649688577,275
2035,1457,671520732782923777,573
2036,989,671518598289059840,312
2037,1688,671511350426865664,775
2038,7365,671504605491109889,3779
2039,965,671497587707535361,475
2040,1051,671488513339211776,505
2041,610,671486386088865792,221
2042,794,671485057807351808,246
2043,1482,671390180817915904,787
2044,1170,671362598324076544,312
2045,418,671357843010908160,156
2046,498,671355857343524864,119
2047,1013,671347597085433856,462
2048,770,671186162933985280,231
2049,1171,671182547775299584,365
2050,910,671166507850801152,378
2051,1738,671163268581498880,1184
2052,391,671159727754231808,89
2053,754,671154572044468225,231
2054,699,671151324042559489,162
2055,699,671147085991960577,246
2056,1220,671141549288370177,697
2057,970,671138694582165504,430
2058,781,671134062904504320,208
2059,3657,671122204919246848,2701
2060,1405,671115716440031232,822
2061,1198,671109016219725825,469
2062,1153,670995969505435648,309
2063,25660,670842764863651840,9373
2064,619,670840546554966016,209
2065,1165,670838202509447168,740
2066,465,670833812859932673,133
2067,764,670832455012716544,236
2068,5829,670826280409919488,4354
2069,809,670823764196741120,203
2070,635,670822709593571328,104
2071,3328,670815497391357952,1660
2072,1177,670811965569282048,287
2073,1200,670807719151067136,524
2074,2054,670804601705242624,1007
2075,351,670803562457407488,93
2076,758,670797304698376195,252
2077,870,670792680469889025,294
2078,690,670789397210615808,254
2079,629,670786190031921152,215
2080,853,670783437142401025,422
2081,1648,670782429121134593,839
2082,809,670780561024270336,307
2083,340,670778058496974848,76
2084,1123,670764103623966721,453
2085,465,670755717859713024,120
2086,1004,670733412878163972,540
2087,866,670727704916926465,392
2088,1273,670717338665226240,530
2089,794,670704688707301377,395
2090,613,670691627984359425,257
2091,781,670679630144274432,310
2092,261,670676092097810432,45
2093,11227,670668383499735048,5385
2094,1603,670474236058800128,816
2095,365,670468609693655041,89
2096,1014,670465786746662913,590
2097,572,670452855871037440,220
2098,1239,670449342516494336,718
2099,7010,670444955656130560,2105
2100,678,670442337873600512,207
2101,1096,670435821946826752,560
2102,1472,670434127938719744,693
2103,335,670433248821026816,121
2104,1453,670428280563085312,677
2105,538,670427002554466305,174
2106,1370,670421925039075328,685
2107,657,670420569653809152,333
2108,591,670417414769758208,343
2109,2136,670411370698022913,969
2110,585,670408998013820928,239
2111,450,670403879788544000,170
2112,583,670385711116361728,227
2113,771,670374371102445568,287
2114,341,670361874861563904,71
2115,444,670338931251150849,118
2116,4030,670319130621435904,1318
2117,443,670303360680108032,145
2118,737,670290420111441920,302
2119,1084,670093938074779648,359
2120,725,670086499208155136,268
2121,2333,670079681849372674,1343
2122,1634,670073503555706880,846
2123,664,670069087419133954,264
2124,800,670061506722140161,370
2125,697,670055038660800512,354
2126,674,670046952931721218,188
2127,786,670040295598354432,117
2128,612,670037189829525505,298
2129,344,670003130994700288,98
2130,337,669993076832759809,90
2131,462,669972011175813120,172
2132,315,669970042633789440,65
2133,527,669942763794931712,180
2134,394,669926384437997569,112
2135,245,669923323644657664,62
2136,842,669753178989142016,426
2137,285,669749430875258880,68
2138,543,669684865554620416,94
2139,409,669683899023405056,117
2140,369,669682095984410625,141
2141,698,669680153564442624,306
2142,841,669661792646373376,466
2143,3696,669625907762618368,1921
2144,990,669603084620980224,393
2145,538,669597912108789760,160
2146,1558,669583744538451968,991
2147,454,669573570759163904,154
2148,1658,669571471778410496,1066
2149,244,669567591774625800,60
2150,404,669564461267722241,131
2151,377,669393256313184256,81
2152,1394,669375718304980992,771
2153,515,669371483794317312,190
2154,478,669367896104181761,169
2155,651,669363888236994561,246
2156,382,669359674819481600,132
2157,2832,669354382627049472,1355
2158,673,669353438988365824,273
2159,466,669351434509529089,200
2160,1055,669328503091937280,441
2161,599,669327207240699904,122
2162,514,669324657376567296,219
2163,943,669216679721873412,409
2164,460,669214165781868544,179
2165,1053,669203728096960512,510
2166,683,669037058363662336,329
2167,774,669015743032369152,394
2168,598,669006782128353280,265
2169,21788,669000397445533696,6791
2170,460,668994913074286592,250
2171,784,668992363537309700,376
2172,712,668989615043424256,349
2173,945,668988183816871936,507
2174,573,668986018524233728,180
2175,565,668981893510119424,330
2176,829,668979806671884288,376
2177,1369,668975677807423489,623
2178,156,668967877119254528,25
2179,740,668960084974809088,253
2180,296,668955713004314625,74
2181,281,668932921458302977,61
2182,331,668902994700836864,106
2183,413,668892474547511297,162
2184,551,668872652652679168,315
2185,471,668852170888998912,174
2186,457,668826086256599040,147
2187,597,668815180734689280,286
2188,736,668779399630725120,398
2189,552,668655139528511488,229
2190,937,668645506898350081,576
2191,926,668643542311546881,566
2192,1126,668641109086707712,568
2193,1089,668636665813057536,514
2194,2959,668633411083464705,1752
2195,748,668631377374486528,340
2196,333,668627278264475648,122
2197,410,668625577880875008,140
2198,1515,668623201287675904,835
2199,210,668620235289837568,45
2200,637,668614819948453888,336
2201,1731,668587383441514497,1150
2202,257,668567822092664832,61
2203,543,668544745690562560,242
2204,483,668542336805281792,227
2205,260,668537837512433665,78
2206,490,668528771708952576,237
2207,339,668507509523615744,113
2208,428,668496999348633600,141
2209,444,668484198282485761,250
2210,481,668480044826800133,157
2211,923,668466899341221888,547
2212,645,668297328638447616,313
2213,260,668291999406125056,34
2214,525,668286279830867968,147
2215,865,668274247790391296,246
2216,578,668268907921326080,255
2217,1358,668256321989451776,656
2218,1034,668248472370458624,517
2219,6481,668237644992782336,3024
2220,319,668226093875376128,113
2221,529,668221241640230912,213
2222,577,668204964695683073,204
2223,678,668190681446379520,207
2224,512,668171859951755264,204
2225,514,668154635664932864,333
2226,582,668142349051129856,303
2227,692,668113020489474048,261
2228,1331,667937095915278337,842
2229,309,667924896115245057,119
2230,218,667915453470232577,58
2231,510,667911425562669056,320
2232,876,667902449697558528,391
2233,1970,667886921285246976,1156
2234,848,667885044254572545,517
2235,405,667878741721415682,126
2236,654,667873844930215936,430
2237,3117,667866724293877760,1089
2238,250,667861340749471744,83
2239,295,667832474953625600,68
2240,1089,667806454573760512,525
2241,338,667801013445750784,100
2242,721,667793409583771648,347
2243,429,667782464991965184,254
2244,240,667773195014021121,59
2245,463,667766675769573376,231
2246,387,667728196545200128,159
2247,509,667724302356258817,337
2248,0,667550904950915073,35
2249,0,667550882905632768,33
2250,6019,667549055577362432,2414
2251,345,667546741521195010,134
2252,901,667544320556335104,553
2253,209,667538891197542400,70
2254,850,667534815156183040,565
2255,487,667530908589760512,256
2256,1766,667524857454854144,1176
2257,382,667517642048163840,199
2258,7033,667509364010450944,2230
2259,554,667502640335572993,228
2260,548,667495797102141441,290
2261,550,667491009379606528,237
2262,267,667470559035432960,101
2263,197,667455448082227200,65
2264,321,667453023279554560,94
2265,811,667443425659232256,610
2266,468,667437278097252352,251
2267,317,667435689202614272,86
2268,482,667405339315146752,227
2269,204,667393430834667520,58
2270,380,667369227918143488,170
2271,509,667211855547486208,252
2272,638,667200525029539841,275
2273,403,667192066997374976,112
2274,768,667188689915760640,437
2275,14841,667182792070062081,6500
2276,195,667177989038297088,57
2277,631,667176164155375616,478
2278,257,667174963120574464,86
2279,229,667171260800061440,95
2280,2767,667165590075940865,1206
2281,264,667160273090932737,65
2282,48941,667152164079423490,17856
2283,4757,667138269671505920,2325
2284,338,667119796878725120,133
2285,341,667090893657276420,130
2286,415,667073648344346624,129
2287,86,667070482143944705,14
2288,171,667065535570550784,49
2289,223,667062181243039745,56
2290,193,667044094246576128,52
2291,464,667012601033924608,235
2292,250,666996132027977728,100
2293,2629,666983947667116034,1025
2294,841,666837028449972224,569
2295,220,666835007768551424,82
2296,260,666826780179869698,101
2297,535,666817836334096384,259
2298,244,666804364988780544,94
2299,786,666786068205871104,504
2300,396,666781792255496192,203
2301,359,666776908487630848,180
2302,240,666739327293083650,67
2303,441,666701168228331520,224
2304,190,666691418707132416,48
2305,903,666649482315059201,595
2306,236,666644823164719104,86
2307,528,666454714377183233,215
2308,105,666447344410484738,22
2309,129,666437273139982337,50
2310,168,666435652385423360,54
2311,322,666430724426358785,200
2312,167,666428276349472768,86
2313,320,666421158376562688,116
2314,127,666418789513326592,47
2315,452,666411507551481857,333
2316,112,666407126856765440,42
2317,170,666396247373291520,87
2318,191,666373753744588802,95
2319,788,666362758909284353,581
2320,227,666353288456101888,74
2321,304,666345417576210432,142
2322,200,666337882303524864,94
2323,512,666293911632134144,361
2324,151,666287406224695296,68
2325,178,666273097616637952,78
2326,105,666268910803644416,36
2327,14496,666104133288665088,6714
2328,80,666102155909144576,13
2329,158,666099513787052032,71
2330,166,666094000022159362,76
2331,119,666082916733198337,45
2332,326,666073100786774016,172
2333,149,666071193221509120,63
2334,482,666063827256086533,224
2335,114,666058600524156928,58
2336,299,666057090499244032,143
2337,441,666055525042405380,258
2338,1236,666051853826850816,864
2339,133,666050758794694657,59
2340,109,666049248165822465,40
2341,302,666044226329800704,141
2342,125,666033412701032449,45
2343,131,666029285002620928,47
2344,2522,666020888022790149,519
